[image]

width
640

height
480

[head_camera]

camera matrix
288.692737 0.000000 279.934172
0.000000 291.362435 228.255792
0.000000 0.000000 1.000000

distortion
-0.283233 0.053656 0.000119 0.004251 0.000000

rectification
1.000000 0.000000 0.000000
0.000000 1.000000 0.000000
0.000000 0.000000 1.000000

projection
197.975967 0.000000 282.595945 0.000000
0.000000 209.250290 216.948287 0.000000
0.000000 0.000000 1.000000 0.000000

D = [-0.28323322248275645, 0.053656092885153585, 0.00011907822239282315, 0.004250801160492574, 0.0]
K = [288.69273719315066, 0.0, 279.93417213642215, 0.0, 291.3624350899286, 228.2557915306168, 0.0, 0.0, 1.0]
R = [1.0, 0.0, 0.0, 0.0, 1.0, 0.0, 0.0, 0.0, 1.0]
P = [197.97596740722656, 0.0, 282.59594500284766, 0.0, 0.0, 209.2502899169922, 216.94828658932965, 0.0, 0.0, 0.0, 1.0, 0.0]
# oST version 5.0 parameters


[image]

width
640

height
480

[head_camera]

camera matrix
288.692737 0.000000 279.934172
0.000000 291.362435 228.255792
0.000000 0.000000 1.000000

distortion
-0.283233 0.053656 0.000119 0.004251 0.000000

rectification
1.000000 0.000000 0.000000
0.000000 1.000000 0.000000
0.000000 0.000000 1.000000

projection
197.975967 0.000000 282.595945 0.000000
0.000000 209.250290 216.948287 0.000000
0.000000 0.000000 1.000000 0.000000

